<?xml version="1.0"?>
<opencv_storage>
<img_shape type_id="opencv-matrix">
  <rows>2</rows>
  <cols>1</cols>
  <dt>d</dt>
  <data>
    580. 890.</data></img_shape>
<rms>3.5994013427518262e-01</rms>
<cam_int type_id="opencv-matrix">
  <rows>3</rows>
  <cols>3</cols>
  <dt>d</dt>
  <data>
    1.7602415293448607e+03 0. 4.0447305148444235e+02 0.
    1.7615229580126313e+03 3.0698131385563482e+02 0. 0. 1.</data></cam_int>
<cam_dist type_id="opencv-matrix">
  <rows>1</rows>
  <cols>5</cols>
  <dt>d</dt>
  <data>
    -2.7022229741209791e-01 1.2470108619243097e+00
    -3.4495156042682667e-03 -1.9755757913761949e-03
    -8.7533133060942863e+00</data></cam_dist>
<proj_int type_id="opencv-matrix">
  <rows>3</rows>
  <cols>3</cols>
  <dt>d</dt>
  <data>
    9.6284495900693173e+02 0. 3.2103406442233415e+02 0.
    9.6173745304824968e+02 3.7854378504981389e+02 0. 0. 1.</data></proj_int>
<proj_dist type_id="opencv-matrix">
  <rows>1</rows>
  <cols>5</cols>
  <dt>d</dt>
  <data>
    -6.9872965346505347e-02 6.0330091947741826e-01
    -4.2299806730367005e-03 -3.7647466358463892e-03
    -1.8659108032575584e+00</data></proj_dist>
<rotation type_id="opencv-matrix">
  <rows>3</rows>
  <cols>3</cols>
  <dt>d</dt>
  <data>
    9.9917929243824066e-01 2.1156812045984505e-02 3.4541726457541028e-02
    -1.4542171354538320e-02 9.8326621132803249e-01
    -1.8159317969822591e-01 -3.7805645278343680e-02
    1.8094183309745648e-01 9.8276690329926164e-01</data></rotation>
<translation type_id="opencv-matrix">
  <rows>3</rows>
  <cols>1</cols>
  <dt>d</dt>
  <data>
    -6.4096201888238298e+01 -1.3711857828991482e+01
    -1.7827630040752716e+01</data></translation>
<fundamental type_id="opencv-matrix">
  <rows>3</rows>
  <cols>3</cols>
  <dt>d</dt>
  <data>
    2.8415391365962200e-07 1.6489245520735227e-05
    -3.7436174074121399e-02 -2.2215666382846880e-05
    1.2309118075990634e-05 1.2574359690522016e-01 2.3767775638500140e-02
    -7.6139839032273185e-02 1.</data></fundamental>
<epipolar type_id="opencv-matrix">
  <rows>3</rows>
  <cols>3</cols>
  <dt>d</dt>
  <data>
    2.5913318229199073e-01 1.5048257556379312e+01
    -1.6712936082661592e+01 -2.0236197042245863e+01
    1.1220508446244937e+01 6.2375828722694315e+01 1.4632702354619305e+01
    -6.2733530392275519e+01 1.2113064349818341e+01</data></epipolar>
</opencv_storage>
