<?xml version="1.0"?>
<opencv_storage>
<img_shape type_id="opencv-matrix">
  <rows>2</rows>
  <cols>1</cols>
  <dt>d</dt>
  <data>
    580. 890.</data></img_shape>
<rms>2.7382429998115182e-01</rms>
<cam_int type_id="opencv-matrix">
  <rows>3</rows>
  <cols>3</cols>
  <dt>d</dt>
  <data>
    1.7612069069886211e+03 0. 4.3027676934390166e+02 0.
    1.7646698033562295e+03 2.9348358704834214e+02 0. 0. 1.</data></cam_int>
<cam_dist type_id="opencv-matrix">
  <rows>1</rows>
  <cols>5</cols>
  <dt>d</dt>
  <data>
    -2.4517196248374820e-01 3.9664451634165693e-01
    -2.2507963990405209e-03 -8.2517768605518322e-04
    -1.4551240394761891e+00</data></cam_dist>
<proj_int type_id="opencv-matrix">
  <rows>3</rows>
  <cols>3</cols>
  <dt>d</dt>
  <data>
    9.7554924651372369e+02 0. 3.1771690077657513e+02 0.
    9.7408039404667966e+02 3.5545042608068388e+02 0. 0. 1.</data></proj_int>
<proj_dist type_id="opencv-matrix">
  <rows>1</rows>
  <cols>5</cols>
  <dt>d</dt>
  <data>
    4.5375679556598899e-03 1.4306444746928992e-03
    -6.1296428249739097e-03 -3.9140961043944242e-03
    -3.7058203518719812e-01</data></proj_dist>
<rotation type_id="opencv-matrix">
  <rows>3</rows>
  <cols>3</cols>
  <dt>d</dt>
  <data>
    9.9881403397455859e-01 2.4201295982631377e-02 4.2247163315783515e-02
    -1.7025104065874104e-02 9.8654029201345106e-01
    -1.6262963464744343e-01 -4.5614376757942998e-02
    1.6171749907408242e-01 9.8578231832702734e-01</data></rotation>
<translation type_id="opencv-matrix">
  <rows>3</rows>
  <cols>1</cols>
  <dt>d</dt>
  <data>
    -5.6543987277202660e+01 -1.8561128681153349e+01
    1.8540777132806145e+01</data></translation>
<fundamental type_id="opencv-matrix">
  <rows>3</rows>
  <cols>3</cols>
  <dt>d</dt>
  <data>
    -2.3453205620430035e-06 4.2880566873250790e-05
    4.2732962717437005e-02 -3.2211437934042525e-05
    -1.9347670843904129e-05 -1.8163594494578120e-01
    -2.6193915367194374e-02 1.0196215756270845e-01 1.</data></fundamental>
<epipolar type_id="opencv-matrix">
  <rows>3</rows>
  <cols>3</cols>
  <dt>d</dt>
  <data>
    1.1623129768629941e+00 -2.1292882997063231e+01
    -1.5281952650885689e+01 1.5939569661982699e+01
    9.5928630452849930e+00 5.6523358105105984e+01 1.9501783080837491e+01
    -5.5333718351072072e+01 9.9798830271191168e+00</data></epipolar>
</opencv_storage>
