<?xml version="1.0"?>
<opencv_storage>
<img_shape type_id="opencv-matrix">
  <rows>2</rows>
  <cols>1</cols>
  <dt>d</dt>
  <data>
    580. 890.</data></img_shape>
<rms>3.0547031315653722e-01</rms>
<cam_int type_id="opencv-matrix">
  <rows>3</rows>
  <cols>3</cols>
  <dt>d</dt>
  <data>
    1.7564950408375164e+03 0. 4.3644977131205059e+02 0.
    1.7652230352821848e+03 3.3507666255449266e+02 0. 0. 1.</data></cam_int>
<cam_dist type_id="opencv-matrix">
  <rows>1</rows>
  <cols>5</cols>
  <dt>d</dt>
  <data>
    -2.5287644560822858e-01 7.1738726571479117e-01
    -8.5354668866307118e-04 -2.9291485282355496e-04
    -8.0074814878256806e+00</data></cam_dist>
<proj_int type_id="opencv-matrix">
  <rows>3</rows>
  <cols>3</cols>
  <dt>d</dt>
  <data>
    1.0134743053014529e+03 0. 3.3225095132048517e+02 0.
    1.0170348426112821e+03 3.4914538651207079e+02 0. 0. 1.</data></proj_int>
<proj_dist type_id="opencv-matrix">
  <rows>1</rows>
  <cols>5</cols>
  <dt>d</dt>
  <data>
    -4.9334589549991585e-02 1.2826383277787350e+00
    7.5380117926316824e-03 1.6238518807597934e-03
    -9.9149828646408107e+00</data></proj_dist>
<rotation type_id="opencv-matrix">
  <rows>3</rows>
  <cols>3</cols>
  <dt>d</dt>
  <data>
    9.9899874122327081e-01 4.7583661924815827e-03 4.4484525236295688e-02
    7.0596600567549147e-04 9.9252721018448586e-01
    -1.2202146801034723e-01 -4.4732724557299333e-02
    1.2193069750714793e-01 9.9153007435937168e-01</data></rotation>
<translation type_id="opencv-matrix">
  <rows>3</rows>
  <cols>1</cols>
  <dt>d</dt>
  <data>
    -6.4017504826680707e+01 -1.3001826462486461e+01
    -7.0621631890783689e+00</data></translation>
<fundamental type_id="opencv-matrix">
  <rows>3</rows>
  <cols>3</cols>
  <dt>d</dt>
  <data>
    3.4865947151807545e-06 3.2080208218300259e-05
    -1.5586064009876036e-01 -5.8748863986767256e-05
    4.5806498634891686e-05 6.6740281025166537e-01 9.7324462642054285e-02
    -4.0714153553388782e-01 1.</data></fundamental>
<epipolar type_id="opencv-matrix">
  <rows>3</rows>
  <cols>3</cols>
  <dt>d</dt>
  <data>
    5.8659276902623458e-01 5.4240673584856580e+00
    -1.3753437478816826e+01 -9.9187695464600978e+00
    7.7720946576196894e+00 6.3161124344492762e+01 1.2943614087451582e+01
    -6.3477248017117653e+01 8.3898899946994856e+00</data></epipolar>
</opencv_storage>
