<?xml version="1.0"?>
<opencv_storage>
<img_shape type_id="opencv-matrix">
  <rows>2</rows>
  <cols>1</cols>
  <dt>d</dt>
  <data>
    580. 890.</data></img_shape>
<rms>5.3569702033508848e-01</rms>
<cam_int type_id="opencv-matrix">
  <rows>3</rows>
  <cols>3</cols>
  <dt>d</dt>
  <data>
    1.7344559224373747e+03 0. 3.6943479584256545e+02 0.
    1.7130570257441500e+03 3.4173550167416278e+02 0. 0. 1.</data></cam_int>
<cam_dist type_id="opencv-matrix">
  <rows>1</rows>
  <cols>5</cols>
  <dt>d</dt>
  <data>
    -8.8394774455415576e-02 -3.1562506901333216e+00
    1.9580108743896065e-02 -6.0682316703190272e-03
    2.1275729624213504e+01</data></cam_dist>
<proj_int type_id="opencv-matrix">
  <rows>3</rows>
  <cols>3</cols>
  <dt>d</dt>
  <data>
    1.0141320184296445e+03 0. 3.0118549133909266e+02 0.
    1.0141109827409705e+03 3.2434154556697274e+02 0. 0. 1.</data></proj_int>
<proj_dist type_id="opencv-matrix">
  <rows>1</rows>
  <cols>5</cols>
  <dt>d</dt>
  <data>
    -1.6805320944877430e-01 2.6416241406799679e+00
    1.8512744329726202e-02 -6.4423056607015600e-03
    -1.1073053652688618e+01</data></proj_dist>
<rotation type_id="opencv-matrix">
  <rows>3</rows>
  <cols>3</cols>
  <dt>d</dt>
  <data>
    9.9966018297961123e-01 -3.8419200198933391e-03
    2.5782905494355909e-02 6.3166917686667511e-03 9.9530308280403157e-01
    -9.6601618857505317e-02 -2.5290669628734688e-02
    9.6731654650128951e-02 9.9498913010061496e-01</data></rotation>
<translation type_id="opencv-matrix">
  <rows>3</rows>
  <cols>1</cols>
  <dt>d</dt>
  <data>
    -6.2939739223685194e+01 -1.3576323792393348e+01
    -5.4970381508870760e+00</data></translation>
<fundamental type_id="opencv-matrix">
  <rows>3</rows>
  <cols>3</cols>
  <dt>d</dt>
  <data>
    4.3482747228431341e-07 4.8418113432740695e-06
    -2.9820899059345249e-02 -8.1508917646503099e-06
    7.1143321862662676e-06 1.2522297478070246e-01 1.7878431701393114e-02
    -7.7805333047750197e-02 1.</data></fundamental>
<epipolar type_id="opencv-matrix">
  <rows>3</rows>
  <cols>3</cols>
  <dt>d</dt>
  <data>
    3.7807741544590606e-01 4.1579587533651576e+00
    -1.4039317384454899e+01 -7.0869583149866147e+00
    6.1093842992767016e+00 6.2482626763790897e+01 1.3174139393818098e+01
    -6.2696275630390254e+01 6.4301177727772680e+00</data></epipolar>
</opencv_storage>
