<?xml version="1.0"?>
<opencv_storage>
<img_shape type_id="opencv-matrix">
  <rows>2</rows>
  <cols>1</cols>
  <dt>d</dt>
  <data>
    580. 890.</data></img_shape>
<rms>4.7454412847874994e-01</rms>
<cam_int type_id="opencv-matrix">
  <rows>3</rows>
  <cols>3</cols>
  <dt>d</dt>
  <data>
    1.7363800793650262e+03 0. 4.1576741194472919e+02 0.
    1.7527231676708204e+03 3.9909169279961179e+02 0. 0. 1.</data></cam_int>
<cam_dist type_id="opencv-matrix">
  <rows>1</rows>
  <cols>5</cols>
  <dt>d</dt>
  <data>
    -6.1116605203158914e-01 8.9376985757742986e+00
    -3.7082270667592276e-03 6.6139023524428280e-03
    -1.0126026707309657e+02</data></cam_dist>
<proj_int type_id="opencv-matrix">
  <rows>3</rows>
  <cols>3</cols>
  <dt>d</dt>
  <data>
    9.1687891018418384e+02 0. 3.2848090052219288e+02 0.
    9.1866350605931166e+02 4.1733533944289815e+02 0. 0. 1.</data></proj_int>
<proj_dist type_id="opencv-matrix">
  <rows>1</rows>
  <cols>5</cols>
  <dt>d</dt>
  <data>
    -2.1193092320363571e-01 1.2381033439794253e+00
    -1.7152128985982338e-03 8.6094914450578104e-03
    -4.4113110335993699e+00</data></proj_dist>
<rotation type_id="opencv-matrix">
  <rows>3</rows>
  <cols>3</cols>
  <dt>d</dt>
  <data>
    9.9968976741123372e-01 -4.4323309043906292e-03
    -2.4509658831314302e-02 -1.1108352775044544e-05
    9.8395941273233589e-01 -1.7839247173589226e-01
    2.4907203975515557e-02 1.7833740083950592e-01 9.8365410722058777e-01</data></rotation>
<translation type_id="opencv-matrix">
  <rows>3</rows>
  <cols>1</cols>
  <dt>d</dt>
  <data>
    -6.3302365274528128e+01 -1.2913399541569826e+01
    -3.5268841688741908e+01</data></translation>
<fundamental type_id="opencv-matrix">
  <rows>3</rows>
  <cols>3</cols>
  <dt>d</dt>
  <data>
    -5.9316095530430508e-07 5.9123075695053154e-05
    -8.4098013529355073e-02 -6.1918664237468576e-05
    2.0844916372924214e-05 2.1894956467322158e-01 4.7838865856729307e-02
    -1.3242815953997555e-01 1.</data></fundamental>
<epipolar type_id="opencv-matrix">
  <rows>3</rows>
  <cols>3</cols>
  <dt>d</dt>
  <data>
    -3.2202845513465450e-01 3.2400166645558585e+01
    -1.8994014341362163e+01 -3.3681215220656753e+01
    1.1445502467031414e+01 6.3132058876234204e+01 1.2910096569205235e+01
    -6.2344194619961357e+01 1.0976162390935059e+01</data></epipolar>
</opencv_storage>
