<?xml version="1.0"?>
<opencv_storage>
<img_shape type_id="opencv-matrix">
  <rows>2</rows>
  <cols>1</cols>
  <dt>d</dt>
  <data>
    580. 890.</data></img_shape>
<rms>3.3838167415917836e-01</rms>
<cam_int type_id="opencv-matrix">
  <rows>3</rows>
  <cols>3</cols>
  <dt>d</dt>
  <data>
    1.7555013260835917e+03 0. 4.0792089633347450e+02 0.
    1.7581835532588725e+03 3.0916143892620096e+02 0. 0. 1.</data></cam_int>
<cam_dist type_id="opencv-matrix">
  <rows>1</rows>
  <cols>5</cols>
  <dt>d</dt>
  <data>
    -2.6382200311917203e-01 1.0271381433120959e+00
    -9.6926099463766464e-06 -2.2223084847068559e-03
    -7.6485089977832796e+00</data></cam_dist>
<proj_int type_id="opencv-matrix">
  <rows>3</rows>
  <cols>3</cols>
  <dt>d</dt>
  <data>
    9.6663633341222430e+02 0. 3.2196611394621289e+02 0.
    9.6787500054216093e+02 3.7386373249386793e+02 0. 0. 1.</data></proj_int>
<proj_dist type_id="opencv-matrix">
  <rows>1</rows>
  <cols>5</cols>
  <dt>d</dt>
  <data>
    -1.0751794245865580e-02 8.0299111788511526e-02
    -5.1575657641740233e-04 -4.2679349089875052e-03
    -5.5831833107146289e-01</data></proj_dist>
<rotation type_id="opencv-matrix">
  <rows>3</rows>
  <cols>3</cols>
  <dt>d</dt>
  <data>
    9.9912436075156486e-01 2.1341983117248633e-02 3.5986546227720628e-02
    -1.4896424721457763e-02 9.8521017459243876e-01
    -1.7070151847612350e-01 -3.9097420417397638e-02
    1.7001597464991183e-01 9.8466540514052070e-01</data></rotation>
<translation type_id="opencv-matrix">
  <rows>3</rows>
  <cols>1</cols>
  <dt>d</dt>
  <data>
    -6.3954663671995959e+01 -1.4377491221623416e+01
    -1.3217223932899195e+01</data></translation>
<fundamental type_id="opencv-matrix">
  <rows>3</rows>
  <cols>3</cols>
  <dt>d</dt>
  <data>
    1.1711905810870448e-06 3.3866511742657206e-05
    -1.0334371321379032e-01 -5.0300186430007292e-05
    3.3867593769963982e-05 3.6142246447330223e-01 6.5908342717911184e-02
    -2.1762665620695035e-01 9.9999999999999989e-01</data></fundamental>
<epipolar type_id="opencv-matrix">
  <rows>3</rows>
  <cols>3</cols>
  <dt>d</dt>
  <data>
    3.6523343749617188e-01 1.0577340315494119e+01
    -1.6413218414028954e+01 -1.5706112786105486e+01
    1.0591232707568874e+01 6.2498302575148230e+01 1.5317597558991768e+01
    -6.2701941187367559e+01 1.1434554454925081e+01</data></epipolar>
</opencv_storage>
