<?xml version="1.0"?>
<opencv_storage>
<img_shape type_id="opencv-matrix">
  <rows>2</rows>
  <cols>1</cols>
  <dt>d</dt>
  <data>
    580. 890.</data></img_shape>
<rms>3.7277756874253387e-01</rms>
<cam_int type_id="opencv-matrix">
  <rows>3</rows>
  <cols>3</cols>
  <dt>d</dt>
  <data>
    1.7596011917035191e+03 0. 4.3162260348732656e+02 0.
    1.7630310546343783e+03 2.9328270518516939e+02 0. 0. 1.</data></cam_int>
<cam_dist type_id="opencv-matrix">
  <rows>1</rows>
  <cols>5</cols>
  <dt>d</dt>
  <data>
    -2.4562761470534167e-01 5.7438810441783339e-01
    -2.0266734643724859e-03 -8.2956560474348076e-04
    -3.7912615740003792e+00</data></cam_dist>
<proj_int type_id="opencv-matrix">
  <rows>3</rows>
  <cols>3</cols>
  <dt>d</dt>
  <data>
    9.8977155867746308e+02 0. 3.0101728110163009e+02 0.
    9.8499217475348257e+02 3.4371218069617760e+02 0. 0. 1.</data></proj_int>
<proj_dist type_id="opencv-matrix">
  <rows>1</rows>
  <cols>5</cols>
  <dt>d</dt>
  <data>
    1.6629540000988253e-02 -1.4830568097840838e-01
    -8.5464674251906070e-03 -1.0359510657855875e-02
    -3.3707653443222171e-02</data></proj_dist>
<rotation type_id="opencv-matrix">
  <rows>3</rows>
  <cols>3</cols>
  <dt>d</dt>
  <data>
    9.9956337267216322e-01 1.1866590116983768e-02 2.7060082247575900e-02
    -7.7117396692897352e-03 9.8884134362507370e-01
    -1.4877273341923930e-01 -2.8523553136367358e-02
    1.4849909486846863e-01 9.8850110052529661e-01</data></rotation>
<translation type_id="opencv-matrix">
  <rows>3</rows>
  <cols>1</cols>
  <dt>d</dt>
  <data>
    -5.4516394669991207e+01 -1.9142680364383420e+01
    3.1136781720442833e+01</data></translation>
<fundamental type_id="opencv-matrix">
  <rows>3</rows>
  <cols>3</cols>
  <dt>d</dt>
  <data>
    -7.3820970940601333e-07 3.1520212737429042e-05
    1.4686488092085823e-02 -2.7900303048044755e-05
    -7.9720826393320950e-06 -7.6493693138719690e-02
    -8.3628869972433260e-03 4.3047594680676544e-02 1.</data></fundamental>
<epipolar type_id="opencv-matrix">
  <rows>3</rows>
  <cols>3</cols>
  <dt>d</dt>
  <data>
    7.8613601531354105e-01 -3.3632007780070666e+01
    -1.4290256480768511e+01 2.9568185270470131e+01
    8.4651226902243888e+00 5.4732080002237723e+01 1.9554738390411512e+01
    -5.3680906613444336e+01 8.6285555563159129e+00</data></epipolar>
</opencv_storage>
