<?xml version="1.0"?>
<opencv_storage>
<img_shape type_id="opencv-matrix">
  <rows>2</rows>
  <cols>1</cols>
  <dt>d</dt>
  <data>
    580. 890.</data></img_shape>
<rms>7.4843797782584731e-01</rms>
<cam_int type_id="opencv-matrix">
  <rows>3</rows>
  <cols>3</cols>
  <dt>d</dt>
  <data>
    1.7573937162611342e+03 0. 4.4574961693621208e+02 0.
    1.7583586909813207e+03 2.9948446637845888e+02 0. 0. 1.</data></cam_int>
<cam_dist type_id="opencv-matrix">
  <rows>1</rows>
  <cols>5</cols>
  <dt>d</dt>
  <data>
    -2.8630938675410450e-01 1.2618302563142758e+00
    -7.2976309302099425e-04 8.2206541601118684e-04
    -8.6488232787833468e+00</data></cam_dist>
<proj_int type_id="opencv-matrix">
  <rows>3</rows>
  <cols>3</cols>
  <dt>d</dt>
  <data>
    9.5807124113428040e+02 0. 3.1638915620523971e+02 0.
    9.6629308569096895e+02 3.1741269361367364e+02 0. 0. 1.</data></proj_int>
<proj_dist type_id="opencv-matrix">
  <rows>1</rows>
  <cols>5</cols>
  <dt>d</dt>
  <data>
    1.0897183034618704e-01 -6.9860371884726558e-01
    2.5702599625997673e-03 -8.4499590990877223e-03
    1.6068122290189988e+00</data></proj_dist>
<rotation type_id="opencv-matrix">
  <rows>3</rows>
  <cols>3</cols>
  <dt>d</dt>
  <data>
    9.9704039707186032e-01 8.8058178197889612e-03 7.6373452058367597e-02
    7.2608340186719120e-05 9.9331026488063767e-01
    -1.1547602526406180e-01 -7.6879394734974488e-02
    1.1513980743114864e-01 9.9036982153632991e-01</data></rotation>
<translation type_id="opencv-matrix">
  <rows>3</rows>
  <cols>1</cols>
  <dt>d</dt>
  <data>
    -6.4667273394896583e+01 -8.5169961489549344e+00
    -4.4344013757271163e+01</data></translation>
<fundamental type_id="opencv-matrix">
  <rows>3</rows>
  <cols>3</cols>
  <dt>d</dt>
  <data>
    1.7875180485286367e-06 1.1693030843684232e-04
    -1.0053179754022930e-01 -1.3247673533418040e-04
    1.8992810797837473e-05 3.4048670835190431e-01 6.3573473276544418e-02
    -2.0991976820558586e-01 1.</data></fundamental>
<epipolar type_id="opencv-matrix">
  <rows>3</rows>
  <cols>3</cols>
  <dt>d</dt>
  <data>
    6.5800125412789645e-01 4.3066718754623153e+01
    -1.3555646409010656e+01 -4.9184353922070443e+01
    7.0552920992410897e+00 6.0657810602578238e+01 8.4870938388279296e+00
    -6.4159667348533802e+01 8.1179920933705798e+00</data></epipolar>
</opencv_storage>
