<?xml version="1.0"?>
<opencv_storage>
<img_shape type_id="opencv-matrix">
  <rows>2</rows>
  <cols>1</cols>
  <dt>d</dt>
  <data>
    580. 890.</data></img_shape>
<rms>2.9916908972001821e-01</rms>
<cam_int type_id="opencv-matrix">
  <rows>3</rows>
  <cols>3</cols>
  <dt>d</dt>
  <data>
    1.7598829484875184e+03 0. 4.3290177871731163e+02 0.
    1.7624931856104604e+03 2.9428193446585652e+02 0. 0. 1.</data></cam_int>
<cam_dist type_id="opencv-matrix">
  <rows>1</rows>
  <cols>5</cols>
  <dt>d</dt>
  <data>
    -2.3519185708065085e-01 1.2091095104729814e-01
    -1.9866218837077650e-03 -6.7785981697751055e-04
    7.3480139679355549e-01</data></cam_dist>
<proj_int type_id="opencv-matrix">
  <rows>3</rows>
  <cols>3</cols>
  <dt>d</dt>
  <data>
    9.7949003608979910e+02 0. 3.2019227080524979e+02 0.
    9.7585330573020042e+02 3.9435109816489017e+02 0. 0. 1.</data></proj_int>
<proj_dist type_id="opencv-matrix">
  <rows>1</rows>
  <cols>5</cols>
  <dt>d</dt>
  <data>
    -1.6376213836860342e-02 1.7295762750870677e-01
    -7.1057334668663315e-03 -3.0587891022639214e-03
    -6.8809400557389766e-01</data></proj_dist>
<rotation type_id="opencv-matrix">
  <rows>3</rows>
  <cols>3</cols>
  <dt>d</dt>
  <data>
    9.9870838888281388e-01 2.7843130032537806e-02 4.2500753935493442e-02
    -1.8774170070405230e-02 9.7950781932142383e-01
    -2.0052920591863041e-01 -4.7213181562585575e-02
    1.9947228378444001e-01 9.7876540779114085e-01</data></rotation>
<translation type_id="opencv-matrix">
  <rows>3</rows>
  <cols>1</cols>
  <dt>d</dt>
  <data>
    -5.6906244632417888e+01 -1.9986929167946933e+01
    2.0665670970182500e+01</data></translation>
<fundamental type_id="opencv-matrix">
  <rows>3</rows>
  <cols>3</cols>
  <dt>d</dt>
  <data>
    -5.2572972820284939e-06 9.5515115048412132e-05
    8.1295810501608209e-02 -7.1140072731583803e-05
    -4.7192053436511324e-05 -3.4987519758480257e-01
    -5.1584556867535693e-02 2.0110882011253625e-01 1.</data></fundamental>
<epipolar type_id="opencv-matrix">
  <rows>3</rows>
  <cols>3</cols>
  <dt>d</dt>
  <data>
    1.3316273370980585e+00 -2.4229024713785726e+01
    -1.5418444288131836e+01 1.7952254099938045e+01
    1.1926615542456862e+01 5.6576170330326512e+01 2.1029481342832302e+01
    -5.5183612917896852e+01 1.2260823606443132e+01</data></epipolar>
</opencv_storage>
