<?xml version="1.0"?>
<opencv_storage>
<img_shape type_id="opencv-matrix">
  <rows>2</rows>
  <cols>1</cols>
  <dt>d</dt>
  <data>
    580. 890.</data></img_shape>
<rms>3.6539775327770491e-01</rms>
<cam_int type_id="opencv-matrix">
  <rows>3</rows>
  <cols>3</cols>
  <dt>d</dt>
  <data>
    1.7612287800844106e+03 0. 4.2885656119814428e+02 0.
    1.7640374909210032e+03 2.9483621098648234e+02 0. 0. 1.</data></cam_int>
<cam_dist type_id="opencv-matrix">
  <rows>1</rows>
  <cols>5</cols>
  <dt>d</dt>
  <data>
    -2.3400321449775557e-01 1.0228920321840000e-01
    -1.9269779066621324e-03 -8.7324787090747988e-04
    1.0561571323369359e+00</data></cam_dist>
<proj_int type_id="opencv-matrix">
  <rows>3</rows>
  <cols>3</cols>
  <dt>d</dt>
  <data>
    9.8296117599373622e+02 0. 3.3778347074605011e+02 0.
    9.8253001135141142e+02 3.9486953224914839e+02 0. 0. 1.</data></proj_int>
<proj_dist type_id="opencv-matrix">
  <rows>1</rows>
  <cols>5</cols>
  <dt>d</dt>
  <data>
    -2.1842084946550273e-02 3.6888473876322614e-01
    -5.7618141833887845e-04 2.9301727445396907e-03
    -1.5021233763563908e+00</data></proj_dist>
<rotation type_id="opencv-matrix">
  <rows>3</rows>
  <cols>3</cols>
  <dt>d</dt>
  <data>
    9.9701735610114550e-01 3.3382381937464282e-02 6.9584540016176213e-02
    -1.8621145786763431e-02 9.7902837608929949e-01
    -2.0287112101414825e-01 -7.4897560458733706e-02
    2.0097028483865556e-01 9.7672990127731829e-01</data></rotation>
<translation type_id="opencv-matrix">
  <rows>3</rows>
  <cols>1</cols>
  <dt>d</dt>
  <data>
    -5.4982593697697972e+01 -2.0126494858170282e+01
    2.1855529284312414e+01</data></translation>
<fundamental type_id="opencv-matrix">
  <rows>3</rows>
  <cols>3</cols>
  <dt>d</dt>
  <data>
    1.9701610840724121e-06 -2.6141371137172524e-05
    -2.0731953271584787e-02 1.8195001248112326e-05
    1.2108566958474416e-05 8.8765795340624967e-02 1.3484640308664000e-02
    -4.9639408079277629e-02 1.</data></fundamental>
<epipolar type_id="opencv-matrix">
  <rows>3</rows>
  <cols>3</cols>
  <dt>d</dt>
  <data>
    1.9144003625122608e+00 -2.5442010748242730e+01
    -1.5224293609613108e+01 1.7672279887584999e+01
    1.1779457142608782e+01 5.5223950266382388e+01 2.1090303584055448e+01
    -5.3157649082617141e+01 1.2554873306561145e+01</data></epipolar>
</opencv_storage>
