% function M = usmlAvgBird()
function M = usmlAvgBird()

    % usmlAvgBird() returns the USML color cone sensitivity matrix of the 'uvs average bird'.
    %
    % The USML matrix ia formatted [401 x 5]:
    % - 5 columns represent [nm uvs sws mws lws]
    % - 401 rows represent the sensitivity values between 300nm and 700nm in 1nm increments.
    %
    % The color cone sensitivity curves are from Endler and Mielke 2005.
    % The double cone sensitivities are not provided; 
    % A blank double cone matrix may be concatenated.

    M = [300    0.00066924      0       0       0
         301    0.00088357      0       0       0
         302    0.00109922      0       0       0
         303    0.00131585      0       0       0
         304    0.00153312      0       0       0
         305    0.00175074      0       0       0
         306    0.00196843      0       0       0
         307    0.00218598      0       0       0
         308    0.00240318      0       0       0
         309    0.00261987      0       0       0
         310    0.00283592      0       0       0
         311    0.00305125      0       0       0
         312    0.0032658       0       0       0
         313    0.00347955      0       0       0
         314    0.0036925       0       0       0
         315    0.0039047       0       0       0
         316    0.00411622      0       0       0
         317    0.00432715      0       0       0
         318    0.00453758      0       0       0
         319    0.00474765      0       0       0
         320    0.0049575       0       0       0
         321    0.00516727      0       0       0
         322    0.00537711      0       0       0
         323    0.00558717      0       0       0
         324    0.0057976       0       0       0
         325    0.00600854      0       0       0
         326    0.00622011      0       0       0
         327    0.00643243      0       0       0
         328    0.00664559      0       0       0
         329    0.00685967      0       0       0
         330    0.00707471      0       0       0
         331    0.00729074      0       0       0
         332    0.00750776      0       0       0
         333    0.00772575      0       0       0
         334    0.00794463      0       0       0
         335    0.00816433      0       0       0
         336    0.00838472      0       0       0
         337    0.00860567      0       0       0
         338    0.00882698      0       0       0
         339    0.00904846      0       0       0
         340    0.00926987      0       0       0
         341    0.00949096      0       0       0
         342    0.00971144      0       0       0
         343    0.00993101      0       0       0
         344    0.01014935      0       0       0
         345    0.0103661       0       0       0
         346    0.0105809       0       0       0
         347    0.01079337      0       0       0
         348    0.01100311      0       0       0
         349    0.01120972      0       0       0
         350    0.01141277      0       0       0
         351    0.01161184      0       0       0
         352    0.01180646      0       0       0
         353    0.01199621      0       0       0
         354    0.01218061      0       0       0
         355    0.0123592       0       0       0
         356    0.01253152      0       0       0
         357    0.01269707      0       0       0
         358    0.01285537      0       0       0
         359    0.01300595      0       0       0
         360    0.01314829      0       0       0
         361    0.01328191      0       0       0
         362    0.01340629      0       0       0
         363    0.01352093      0       0       0
         364    0.01362532      0       0       0
         365    0.01371894      0       0       0
         366    0.01380128      0       0       0
         367    0.0138718       0       0       0
         368    0.01392999      0       0       0
         369    0.01397533      0       0       0
         370    0.01400727      0       0       0
         371    0.01402531      0       0       0
         372    0.01402892      0       0       0
         373    0.01401758      0       0       0
         374    0.01399077      0       0       0
         375    0.013948        0       0       0
         376    0.01388878      0       0       0
         377    0.01381263      0       0       0
         378    0.0137191       0       0       0
         379    0.01360776      0       0       0
         380    0.01347822      0       0       0
         381    0.01333013      0       0       0
         382    0.01316317      0       0       0
         383    0.0129771       0       0       0
         384    0.01277174      0       0       0
         385    0.01254698      0       0       0
         386    0.01230282      0       0       0
         387    0.01203937      0       0       0
         388    0.01175685      0       0       0
         389    0.01145563      0       0       0
         390    0.01113625      0       0       0
         391    0.01079941      0       0       0
         392    0.010446        0       0       0
         393    0.01007714      0       0       0
         394    0.00969412      0       0       0
         395    0.00929849      0.00000001      0       0
         396    0.00889198      0.00000003      0       0
         397    0.00847655      0.00000008      0       0
         398    0.00805434      0.00000021      0       0
         399    0.00762765      0.00000052      0       0
         400    0.00719891      0.00000119      0       0
         401    0.00677065      0.00000254      0       0
         402    0.0063454       0.00000514      0       0
         403    0.00592571      0.0000098       0       0
         404    0.00551403      0.00001778      0       0
         405    0.00511269      0.00003075      0       0
         406    0.00472383      0.00005092      0       0
         407    0.00434937      0.00008102      0       0
         408    0.00399095      0.00012427      0       0
         409    0.00364991      0.00018426      0       0
         410    0.00332729      0.00026484      0       0
         411    0.00302382      0.00036993      0       0
         412    0.00273991      0.00050331      0       0
         413    0.00247569      0.00066841      0       0
         414    0.00223102      0.0008681       0       0
         415    0.00200552      0.00110459      0       0
         416    0.00179862      0.00137924      0       0
         417    0.00160958      0.00169253      0       0
         418    0.00143754      0.00204404      0       0
         419    0.00128154      0.00243248      0       0
         420    0.00114056      0.00285574      0       0
         421    0.00101355      0.00331103      0       0
         422    0.00089946      0.00379495      0       0
         423    0.00079724      0.00430369      0       0
         424    0.00070586      0.00483311      0       0
         425    0.00062436      0.00537887      0       0
         426    0.00055181      0.00593661      0       0
         427    0.00048734      0.006502        0       0
         428    0.00043013      0.00707085      0       0
         429    0.00037944      0.00763918      0       0
         430    0.00033458      0.00820328      0       0
         431    0.00029493      0.00875973      0       0
         432    0.0002599       0.00930546      0       0
         433    0.00022898      0.00983773      0       0
         434    0.00020172      0.01035414      0       0
         435    0.00017769      0.01085262      0       0
         436    0.00015652      0.01133143      0       0
         437    0.00013787      0.01178911      0       0
         438    0.00012146      0.01222448      0       0
         439    0.00010701      0.01263663      0       0
         440    0.00009429      0.01302485      0       0
