% function M = vsmlAvgBird()
function M = vsmlAvgBird()

    % vsmlAvgBird() returns the VSML color cone sensitivity matrix of the 'vs average bird'.
    %
    % The VSML matrix ia formatted [401 x 5]:
    % - 5 columns represent [nm vs sws mws lws]
    % - 401 rows represent the sensitivity values between 300nm and 700nm in 1nm increments.
    %
    % The color cone sensitivity curves are from Endler and Mielke 2005.
    % The double cone sensitivities are not provided;
    % A blank double cone matrix may be concatenated.

    M = [300	0	0	0	0
         301	0	0	0	0
         302	0	0	0	0
         303	0	0	0	0
         304	0	0	0	0
         305	0	0	0	0
         306	0	0	0	0
         307	0	0	0	0
         308	0	0	0	0
         309	0	0	0	0
         310	0	0	0	0
         311	0	0	0	0
         312	0	0	0	0
         313	0	0	0	0
         314	0	0	0	0
         315	0	0	0	0
         316	0.00002333	0	0	0
         317	0.00014856	0	0	0
         318	0.0002716	0	0	0
         319	0.00039242	0	0	0
         320	0.00051098	0	0	0
         321	0.00062724	0	0	0
         322	0.00074121	0	0	0
         323	0.00085288	0	0	0
         324	0.00096228	0	0	0
         325	0.00106943	0	0	0
         326	0.00117438	0	0	0
         327	0.0012772	0	0	0
         328	0.00137797	0	0	0
         329	0.00147678	0	0	0
         330	0.00157373	0	0	0
         331	0.00166897	0	0	0
         332	0.00176263	0	0	0
         333	0.00185487	0	0	0
         334	0.00194585	0	0	0
         335	0.00203576	0	0	0
         336	0.00212478	0	0	0
         337	0.00221312	0	0	0
         338	0.00230099	0	0	0
         339	0.0023886	0	0	0
         340	0.00247618	0	0	0
         341	0.00256396	0	0	0
         342	0.00265215	0	0	0
         343	0.00274099	0	0	0
         344	0.0028307	0	0	0
         345	0.00292151	0	0	0
         346	0.00301363	0	0	0
         347	0.00310728	0	0	0
         348	0.00320265	0	0	0
         349	0.00329994	0	0	0
         350	0.00339933	0	0	0
         351	0.00350098	0	0	0
         352	0.00360505	0	0	0
         353	0.00371168	0	0	0
         354	0.00382098	0	0	0
         355	0.00393306	0	0	0
         356	0.004048	0	0	0
         357	0.00416586	0	0	0
         358	0.00428668	0	0	0
         359	0.0044105	0	0	0
         360	0.00453732	0	0	0
         361	0.00466712	0	0	0
         362	0.00479986	0	0	0
         363	0.00493549	0	0	0
         364	0.00507393	0	0	0
         365	0.0052151	0	0	0
         366	0.00535888	0	0	0
         367	0.00550514	0	0	0
         368	0.00565375	0	0	0
         369	0.00580454	0	0	0
         370	0.00595735	0	0	0
         371	0.00611198	0	0	0
         372	0.00626826	0	0	0
         373	0.00642596	0	0	0
         374	0.00658488	0	0	0
         375	0.0067448	0	0	0
         376	0.00690548	0	0	0
         377	0.0070667	0	0	0
         378	0.00722822	0	0	0
         379	0.0073898	0	0	0
         380	0.00755118	0	0	0
         381	0.00771214	0	0	0
         382	0.00787242	0	0	0
         383	0.00803177	0	0	0
         384	0.00818996	0	0	0
         385	0.00834673	0	0	0
         386	0.00850185	0	0	0
         387	0.00865507	0	0	0
         388	0.00880616	0	0	0
         389	0.00895487	0	0	0
         390	0.00910099	0	0	0
         391	0.00924426	0	0	0
         392	0.00938447	0	0	0
         393	0.00952139	0	0	0
         394	0.00965479	0	0	0
         395	0.00978445	0	0	0
         396	0.00991016	0	0	0
         397	0.01003168	0	0	0
         398	0.01014881	0	0	0
         399	0.01026133	0	0	0
         400	0.01036903	0	0	0
         401	0.01047168	0	0	0
         402	0.01056909	0	0	0
         403	0.01066103	0	0	0
         404	0.0107473	0	0	0
         405	0.01082768	0	0	0
         406	0.01090196	0	0	0
         407	0.01096993	0	0	0
         408	0.0110314	0	0	0
         409	0.01108614	0	0	0
         410	0.01113395	0	0	0
         411	0.01117462	0	0	0
         412	0.01120797	0	0	0
         413	0.01123378	0	0	0
         414	0.01125187	0	0	0
         415	0.01126205	0	0	0
         416	0.01126413	0	0	0
         417	0.01125794	0	0	0
         418	0.01124331	0	0	0
         419	0.01122009	0	0	0
         420	0.01118812	0	0	0
         421	0.01114728	0	0	0
         422	0.01109745	0	0	0
         423	0.01103851	0	0	0
         424	0.01097038	0	0	0
         425	0.010893	0	0	0
         426	0.01080632	0	0	0
         427	0.01071031	0	0	0
         428	0.01060497	0.00000001	0	0
         429	0.01049031	0.00000002	0	0
         430	0.0103664	0.00000007	0	0
         431	0.01023331	0.0000002	0	0
         432	0.01009114	0.00000055	0	0
         433	0.00994003	0.00000137	0	0
         434	0.00978015	0.00000317	0	0
         435	0.0096117	0.00000684	0	0
         436	0.00943489	0.00001386	0	0
         437	0.00925001	0.00002644	0	0
         438	0.00905735	0.0000478	0	0
         439	0.00885722	0.00008223	0	0
         440	0.00865001	0.00013515	0	0
         441	0.0084361	0.00021307	0	0
         442	0.00821592	0.0003233	0	0
         443	0.00798993	0.00047366	0	0
         444	0.00775863	0.00067199	0	0
         445	0.00752252	0.00092566	0	0
         446	0.00728217	0.00124107	0	0
         447	0.00703815	0.00162315	0	0
         448	0.00679107	0.00207507	0	0
         449	0.00654154	0.00259793	0	0
         450	0.00629023	0.00319072	0	0
         451	0.00603779	0.00385031	0	0
         452	0.00578491	0.00457163	0	0
         453	0.00553228	0.00534791	0	0
         454	0.00528061	0.006171	0	0
         455	0.0050306	0.00703175	0	0
         456	0.00478294	0.00792031	0	0
         457	0.00453834	0.00882655	0	0
         458	0.00429747	0.00974034	0	0
         459	0.00406099	0.01065185	0	0
         460	0.00382953	0.01155176	0	0
         461	0.00360369	0.01243144	0	0
         462	0.00338402	0.0132831	0	0
         463	0.00317104	0.01409984	0	0
         464	0.00296519	0.0148757	0	0
         465	0.0027669	0.0156057	0	0
         466	0.00257648	0.01628575	0	0
         467	0.00239423	0.01691267	0	0
         468	0.00222035	0.01748412	0	0
         469	0.002055	0.01799849	0	0
         470	0.00189825	0.0184549	0	0
         471	0.00175011	0.01885304	0	0
         472	0.00161055	0.01919317	0	0
         473	0.00147946	0.01947601	0	0
         474	0.0013567	0.01970266	0	0
         475	0.00124205	0.01987457	0	0
         476	0.00113528	0.01999345	0	0
         477	0.00103612	0.02006126	0	0
         478	0.00094426	0.02008009	0	0
         479	0.00085936	0.02005222	0	0
         480	0.0007811	0.01997997	0	0
         481	0.0007091	0.01986578	0	0
         482	0.00064301	0.0197121	0	0
         483	0.00058246	0.01952141	0	0
         484	0.0005271	0.01929619	0	0
         485	0.00047658	0.01903889	0	0
         486	0.00043053	0.01875195	0	0
         487	0.00038864	0.01843775	0	0
         488	0.00035059	0.01809865	0	0
         489	0.00031606	0.01773691	0.00000001	0
         490	0.00028477	0.01735478	0.00000003	0
         491	0.00025645	0.01695439	0.00000009	0
         492	0.00023084	0.01653784	0.00000023	0
         493	0.00020771	0.01610716	0.00000056	0
         494	0.00018684	0.01566426	0.00000124	0
         495	0.00016801	0.01521104	0.0000026	0
         496	0.00015104	0.01474928	0.00000519	0
         497	0.00013576	0.01428071	0.00000984	0
         498	0.00012201	0.01380697	0.00001781	0
         499	0.00010963	0.01332964	0.00003088	0
         500	0.00009851	0.01285022	0.00005146	0
         501	0.00008851	0.01237016	0.00008263	0
         502	0.00007952	0.0118908	0.00012818	0
         503	0.00007144	0.01141345	0.00019259	0
         504	0.00006419	0.01093934	0.00028089	0
         505	0.00005768	0.01046963	0.00039852	0
         506	0.00005183	0.0100054	0.00055111	0
         507	0.00004658	0.0095477	0.00074418	0
         508	0.00004187	0.00909747	0.00098289	0
         509	0.00003764	0.00865563	0.00127175	0
         510	0.00003384	0.00822298	0.00161431	0
         511	0.00003043	0.0078003	0.00201305	0
         512	0.00002737	0.00738827	0.00246909	0
         513	0.00002463	0.00698753	0.00298223	0
         514	0.00002216	0.00659863	0.00355081	0
         515	0.00001994	0.00622205	0.00417186	0
         516	0.00001796	0.00585821	0.00484112	0
         517	0.00001617	0.00550745	0.00555323	0
