<?xml version="1.0"?>
<opencv_storage>
<img_shape type_id="opencv-matrix">
  <rows>2</rows>
  <cols>1</cols>
  <dt>d</dt>
  <data>
    580. 890.</data></img_shape>
<rms>2.7044529569400105e-01</rms>
<cam_int type_id="opencv-matrix">
  <rows>3</rows>
  <cols>3</cols>
  <dt>d</dt>
  <data>
    1.7471120984549243e+03 0. 4.3552404635908243e+02 0.
    1.7562111249245049e+03 3.3663669106446793e+02 0. 0. 1.</data></cam_int>
<cam_dist type_id="opencv-matrix">
  <rows>1</rows>
  <cols>5</cols>
  <dt>d</dt>
  <data>
    -1.8704848328644172e-01 -1.1185212689619952e+00
    4.0471204806678530e-04 -2.6066602001868170e-04
    1.0089613334068607e+01</data></cam_dist>
<proj_int type_id="opencv-matrix">
  <rows>3</rows>
  <cols>3</cols>
  <dt>d</dt>
  <data>
    1.0205325617292132e+03 0. 2.7398003835418473e+02 0.
    1.0204965778160497e+03 3.2068450274841155e+02 0. 0. 1.</data></proj_int>
<proj_dist type_id="opencv-matrix">
  <rows>1</rows>
  <cols>5</cols>
  <dt>d</dt>
  <data>
    -1.1198918780317453e-01 2.9351862214592268e+00
    -2.5030896886090699e-03 -2.1132010643343559e-02
    -2.1852630121495306e+01</data></proj_dist>
<rotation type_id="opencv-matrix">
  <rows>3</rows>
  <cols>3</cols>
  <dt>d</dt>
  <data>
    9.9286293239384182e-01 6.6195007972498819e-03 1.1907720053602434e-01
    4.7593928018852495e-03 9.9546383966145868e-01
    -9.5021534962465432e-02 -1.1916604238816823e-01
    9.4910095014497209e-02 9.8832764213386259e-01</data></rotation>
<translation type_id="opencv-matrix">
  <rows>3</rows>
  <cols>1</cols>
  <dt>d</dt>
  <data>
    -6.2177630727543303e+01 -1.2625778282717615e+01
    -1.6809619580073809e+00</data></translation>
<fundamental type_id="opencv-matrix">
  <rows>3</rows>
  <cols>3</cols>
  <dt>d</dt>
  <data>
    6.8898026997690367e-06 2.1525419584379945e-06
    -1.0430182194530412e-01 -4.1354124730419072e-05
    2.6691882122525818e-05 4.9649446459750352e-01 6.8271297367984027e-02
    -2.9499842197692150e-01 1.</data></fundamental>
<epipolar type_id="opencv-matrix">
  <rows>3</rows>
  <cols>3</cols>
  <dt>d</dt>
  <data>
    1.5125643882651245e+00 4.7502302859816692e-01
    -1.2638133265726601e+01 -9.0784269977439997e+00
    5.8901577111062791e+00 6.1251706926255807e+01 1.2239739481410547e+01
    -6.1812006675684209e+01 7.4116562445550676e+00</data></epipolar>
</opencv_storage>
